0,531
0,530
0,529
0,528
0,527
0,526
0,525
0,524
0,523
0,522
0,521
0,520
0,519
0,518
0,517
0,516
0,515
0,514
0,513
0,512
0,511
0,510
0,509
0,508
0,507
0,506
0,505
0,504
0,503
0,502
0,501
0,500
0,499
0,498
0,497
0,496
0,495
0,494
0,493
0,492
0,491
0,490
0,489
0,488
0,487
0,486
0,485
0,484
0,483
0,482
0,481
0,480
0,479
0,478
0,477
0,476
0,475
0,474
0,473
0,472
0,471
0,243
0,470
0,469
0,468
0,467
0,466
0,465
0,464
0,463
0,462
0,461
0,460
0,459
0,458
0,457
0,456
0,455
0,454
0,453
0,386
104,35
3,2
10,25
10,131
10,269
10,193
10,213
10,23
10,167
10,93
11,5
9,2
8,15
8,8
8,10
8,6
8,11
8,16
8,2
8,3
39,3
39,2
39,1
39,0
20,3
20,2
20,1
19,3
19,2
19,1
12,3
12,2
